%0702039
%assignment-02
function [y]=dfunc(t1)
y=11.696+.02928*t1-1.0725*10^-5*t1.^2+7.974*10^-10*t1.^3;