%0702039
%assignment-02
function [z]= func(t)
z=250*46.7858*(10^(-3))*(t-25)+250*(11.693/2)*(10^(-5))*(t.^2-625)-250*(4.30/3)*(10^(-8))*(t.^3-15625)+250*(3.18958/4)*(10^(-12))*(t.^4-390625)-400;