%0702039
%assignment-02
function [y]=Tcalc(x)
y=1.2483*(10^-3)*(625-x.^2)-0.3057*(10^-6)*(15625-x.^3)+0.1704*(10^-10)*(390625-x.^4)+59.2;